{
    "fitness": 0,
    "parametros": {
        "IniI": 5.357783946181076,
        "IncMutI": 0.005408114199407655,
        "IncPosI": -0.07354024373883764,
        "IncNegI": -0.07560982200496989,
        "IncPicI": 0.09311758646102353,
        "IniA": 0.1302553169817557,
        "IniB": 0.12805715146204466,
        "IncPosB": 0.009437164038085281,
        "IncNegB": 0.004159476876001928,
        "IncPicB": 0.0024694501701890397,
        "IniC": -75.13849497047994,
        "IncPosC": 0.9762923008625028,
        "IncNegC": -0.12893273396533034,
        "IncPicC": -0.4514487274067689,
        "IniD": 7.609922344048708,
        "IncPosD": -0.00930372364770067,
        "IncNegD": 0.06460945402428914,
        "IncPicD": -0.060454410116512536,
        "MAX_ULT_PICO": 152.01108744655895,
        "MAX_PIC_SEG": 65.27031617830582
    }
}