=== MEJORES PARÁMETROS ENCONTRADOS ===

IniI = 9.208621143893803
IncMutI = 0.03211604899639625
IncPosI = 0.02410395350561731
IncNegI = 0.008937655862810104
IncPicI = -0.099313611505541
IniA = 0.15950914616063988
IniB = 0.2996541017271815
IncPosB = -0.007822188883269408
IncNegB = 0.005044328030672004
IncPicB = 0.008990942789937324
IniC = -68.11466079386295
IncPosC = -0.35499056994565836
IncNegC = 0.08822506834330501
IncPicC = 0.9039024842089582
IniD = 3.596995128820249
IncPosD = 0.09163707446297376
IncNegD = -0.0280279007247356
IncPicD = -0.09950712251057095
MAX_ULT_PICO = 195
MAX_PIC_SEG = 23

FITNESS_MEDIO = 865.4
FITNESS_MEJOR = 871
