=== MEJORES PARÁMETROS ENCONTRADOS ===

IniI = 17.70251516232608
IncMutI = 0.06217694435536518
IncPosI = -0.03455673249849581
IncNegI = 0.08447565587100739
IncPicI = -0.08708048022179776
IniA = 0.1376079708913243
IniB = 0.05136099243645599
IncPosB = -0.0046421313121458654
IncNegB = -0.0002122231881571887
IncPicB = -0.0008289708722337454
IniC = -70.4901442774058
IncPosC = 0.9289803111819959
IncNegC = 0.7826853256581876
IncPicC = 0.5009549772042705
IniD = 7.687791399678502
IncPosD = 0.0786233049283864
IncNegD = 0.08995325577728697
IncPicD = 0.04881151801703884
MAX_ULT_PICO = 126
MAX_PIC_SEG = 51

FITNESS_MEDIO = 868.0
FITNESS_MEJOR = 874
