=== MEJORES PARÁMETROS TRUCK ===

IniI = 17.962174516681703
IncMutI = 0.043387561863112635
IncPosI = -0.02543706294221873
IncNegI = 0.09514425711591842
IncPicI = 0.06901033806422172
IniA = 0.12047395946417797
IniB = 0.15566924730710496
IncPosB = -0.005695029285011801
IncNegB = 0.009832675142552686
IncPicB = -0.0028878054576547017
IniC = -41.48078030684051
IncPosC = 0.2243837296328135
IncNegC = 0.8483813171442207
IncPicC = 0.8599828701003893
IniD = 3.4755102153916035
IncPosD = 0.01651191130939514
IncNegD = -0.06238119077353004
IncPicD = 0.06137102831667701
MAX_ULT_PICO = 19
MAX_PIC_SEG = 72

FITNESS_MEJOR = 0.9003242
